Time Mean Distance Standard Deviation of Distance Mean Speed Standard Deviation of Speed
0.41 185.265 49.8265 14.7476 5.81458
0.919999 175.915 47.3133 14.9446 5.74433
1.43 167.069 44.9356 16.0112 6.20722
1.94 158.743 42.6965 16.2456 6.22809
2.45 150.841 40.5712 16.1361 6.04275
2.96 143.332 38.5517 15.9808 5.83524
3.47 136.198 36.6328 15.8043 5.62011
3.98 129.419 34.8094 15.634 5.40299
4.48001 123.1 33.1099 15.4849 5.19296
4.98002 117.09 31.4935 15.3516 4.98637
5.48003 111.374 29.9559 15.2326 4.78379
5.98004 105.936 28.4933 15.1262 4.58572
6.48005 100.764 27.1022 15.0312 4.39258
6.98006 95.8443 25.779 14.9462 4.20473
7.48008 91.1649 24.5204 14.8702 4.02242
7.98009 86.714 23.3232 14.8022 3.84587
8.4801 82.4804 22.1845 14.7413 3.67519
8.98011 78.4534 21.1014 14.6868 3.51048
9.48012 74.6231 20.0711 14.6379 3.35177
9.98013 70.9798 19.0913 14.594 3.19904
10.4801 68.1059 18.317 14.5425 0.632511
10.9802 67.4282 18.1347 14.5422 0.625878
11.4802 66.7572 17.9543 14.542 0.619704
11.9802 66.0928 17.7756 14.5417 0.613667
12.4802 65.435 17.5987 14.5415 0.607632
12.9802 64.7838 17.4235 14.5412 0.601753
13.4802 64.139 17.2501 14.541 0.595918
13.9802 63.5009 17.0785 14.5408 0.590258
14.4802 62.869 16.9087 14.5406 0.584699
14.9802 62.2431 16.7403 14.5403 0.579272
15.4803 61.6241 16.5739 14.5401 0.574086
15.9803 61.0105 16.409 14.5399 0.56908
16.4803 60.4039 16.2461 14.5397 0.564409
16.9803 59.8032 16.0848 14.5395 0.560108
17.4803 59.2082 15.9251 14.5393 0.556322
17.9803 58.6193 15.7673 14.5391 0.553131
18.4803 58.0367 15.6114 14.5389 0.550823
18.9803 57.4602 15.4574 14.5387 0.54963
19.4804 56.8895 15.3054 14.5385 0.54988
19.9804 56.3252 15.1558 14.5384 0.552054
20.4804 55.767 15.0086 14.5383 0.556774
20.9804 55.2153 14.8642 14.5381 0.564747
21.4804 54.6699 14.7231 14.5381 0.577055
21.9804 54.1316 14.5859 14.5381 0.5947
22.4804 53.6006 14.4535 14.5381 0.619101
22.9804 53.0778 14.3272 14.5382 0.651911
23.4804 52.5639 14.2084 14.5385 0.694786
23.9805 52.0603 14.0995 14.5388 0.749735
24.4805 51.5688 14.0034 14.5394 0.818749
24.9805 51.0919 13.924 14.5403 0.904134
25.4805 50.6329 13.8665 14.5415 1.00816
25.9805 50.1964 13.8376 14.5434 1.13341
26.4805 49.7889 13.8459 14.546 1.28268
26.9805 49.419 13.9021 14.5496 1.45908
27.4805 49.1163 14.0266 14.5519 1.66535
27.9805 49.0206 14.1111 14.5432 0.903096
28.4806 49.0714 14.1885 14.5428 0.998312
28.9806 49.1283 14.2697 14.5541 1.29844
29.4806 49.2063 14.3638 14.5757 1.28163
29.9806 49.278 14.4717 14.5655 1.04306
